2021-04-09 01:22:19 31.00 25.00 32.00 29.00 26.00 58.00 49.00 53.00 52.00 43.00 220.00
2021-04-09 01:22:19 33.00 20.00 20.00 22.00 25.00 52.00 47.00 44.00 41.00 45.00 136.00
2021-04-09 01:22:19 27.00 38.00 30.00 25.00 27.00 42.00 52.00 56.00 55.00 60.00 159.00
2021-04-09 01:22:19 31.00 23.00 20.00 36.00 28.00 50.00 45.00 58.00 54.00 48.00 216.00
2021-04-09 01:22:19 40.00 37.00 33.00 36.00 32.00 40.00 40.00 57.00 47.00 58.00 201.00
2021-04-09 01:22:19 23.00 24.00 23.00 21.00 37.00 42.00 54.00 43.00 51.00 48.00 190.00
2021-04-09 01:22:19 30.00 26.00 27.00 36.00 37.00 44.00 54.00 54.00 60.00 57.00 179.00
2021-04-09 01:22:19 34.00 33.00 22.00 24.00 36.00 55.00 56.00 54.00 58.00 50.00 238.00
2021-04-09 01:22:19 29.00 29.00 30.00 23.00 38.00 49.00 54.00 57.00 59.00 51.00 175.00
2021-04-09 01:22:19 26.00 38.00 24.00 34.00 24.00 52.00 48.00 47.00 53.00 45.00 123.00
2021-04-09 01:22:19 31.00 28.00 22.00 29.00 38.00 44.00 44.00 50.00 60.00 58.00 131.00
2021-04-09 01:22:19 32.00 26.00 27.00 33.00 23.00 41.00 46.00 51.00 40.00 46.00 137.00
2021-04-09 01:22:19 32.00 36.00 32.00 30.00 20.00 54.00 40.00 41.00 53.00 53.00 180.00
2021-04-09 01:22:19 29.00 29.00 23.00 38.00 25.00 56.00 47.00 56.00 48.00 53.00 233.00
2021-04-09 01:22:19 35.00 31.00 29.00 37.00 39.00 42.00 54.00 42.00 48.00 49.00 226.00
2021-04-09 01:22:19 28.00 40.00 33.00 24.00 27.00 50.00 41.00 55.00 57.00 43.00 133.00
2021-04-09 01:22:19 20.00 23.00 27.00 39.00 29.00 48.00 51.00 47.00 44.00 41.00 243.00
2021-04-09 01:22:19 40.00 23.00 27.00 26.00 39.00 58.00 42.00 43.00 60.00 43.00 202.00
2021-04-09 01:22:19 37.00 38.00 32.00 35.00 27.00 52.00 42.00 45.00 46.00 41.00 103.00
2021-04-09 01:22:19 31.00 21.00 39.00 33.00 30.00 60.00 56.00 60.00 57.00 58.00 224.00
2021-04-09 01:22:19 20.00 21.00 36.00 25.00 39.00 49.00 47.00 45.00 45.00 60.00 159.00
2021-04-09 01:22:19 25.00 33.00 35.00 40.00 23.00 48.00 47.00 55.00 48.00 51.00 188.00
2021-04-09 01:22:19 38.00 22.00 36.00 37.00 25.00 52.00 58.00 49.00 60.00 48.00 155.00
2021-04-09 01:22:19 28.00 40.00 33.00 36.00 32.00 57.00 40.00 47.00 40.00 48.00 171.00
2021-04-09 01:22:19 39.00 21.00 25.00 27.00 34.00 43.00 60.00 57.00 45.00 42.00 152.00
2021-04-09 01:22:19 39.00 37.00 37.00 36.00 39.00 41.00 48.00 47.00 53.00 54.00 192.00
2021-04-09 01:22:19 38.00 22.00 24.00 30.00 22.00 46.00 58.00 58.00 52.00 50.00 174.00
2021-04-09 01:22:19 28.00 39.00 34.00 29.00 27.00 41.00 54.00 49.00 48.00 60.00 235.00
2021-04-09 01:22:19 40.00 23.00 27.00 29.00 32.00 44.00 54.00 58.00 59.00 43.00 103.00
2021-04-09 01:22:19 27.00 23.00 25.00 28.00 35.00 48.00 47.00 51.00 51.00 42.00 209.00
2021-04-09 01:22:19 31.00 20.00 22.00 32.00 31.00 58.00 58.00 42.00 59.00 48.00 234.00
2021-04-09 01:22:20 29.00 23.00 26.00 31.00 36.00 40.00 44.00 46.00 52.00 59.00 121.00
2021-04-09 01:22:20 20.00 27.00 28.00 21.00 23.00 55.00 41.00 41.00 44.00 54.00 224.00
2021-04-09 01:22:20 37.00 35.00 35.00 25.00 31.00 52.00 57.00 44.00 47.00 54.00 195.00
2021-04-09 01:22:20 33.00 35.00 24.00 28.00 27.00 47.00 44.00 41.00 49.00 42.00 200.00
2021-04-09 01:22:20 23.00 25.00 34.00 38.00 32.00 44.00 40.00 52.00 50.00 48.00 225.00
2021-04-09 01:22:20 39.00 37.00 35.00 35.00 32.00 49.00 53.00 45.00 48.00 59.00 122.00
2021-04-09 01:22:20 25.00 22.00 37.00 23.00 20.00 55.00 41.00 46.00 59.00 49.00 113.00
2021-04-09 01:22:20 21.00 37.00 34.00 22.00 30.00 58.00 52.00 56.00 47.00 58.00 242.00
2021-04-09 01:22:20 37.00 24.00 37.00 23.00 38.00 44.00 42.00 58.00 42.00 51.00 229.00
2021-04-09 01:22:20 29.00 30.00 35.00 37.00 33.00 40.00 53.00 47.00 45.00 40.00 190.00
2021-04-09 01:22:20 20.00 35.00 25.00 31.00 32.00 45.00 47.00 46.00 57.00 60.00 141.00
2021-04-09 01:22:20 28.00 21.00 37.00 24.00 36.00 54.00 59.00 54.00 58.00 60.00 101.00
2021-04-09 01:22:20 23.00 27.00 26.00 31.00 35.00 52.00 51.00 41.00 60.00 45.00 206.00
2021-04-09 01:22:20 40.00 20.00 39.00 35.00 39.00 60.00 51.00 60.00 45.00 50.00 146.00
2021-04-09 01:22:20 38.00 38.00 40.00 39.00 29.00 60.00 42.00 47.00 53.00 50.00 108.00
2021-04-09 01:22:20 23.00 24.00 30.00 27.00 33.00 53.00 49.00 49.00 55.00 47.00 232.00
2021-04-09 01:22:20 25.00 28.00 22.00 27.00 38.00 51.00 58.00 40.00 57.00 46.00 168.00
2021-04-09 01:22:20 34.00 23.00 30.00 32.00 37.00 50.00 52.00 49.00 45.00 57.00 172.00
2021-04-09 01:22:20 23.00 34.00 34.00 27.00 26.00 49.00 53.00 59.00 56.00 57.00 183.00
2021-04-09 01:22:20 39.00 27.00 23.00 39.00 35.00 44.00 46.00 44.00 53.00 54.00 169.00
2021-04-09 01:22:20 22.00 32.00 28.00 29.00 23.00 57.00 57.00 54.00 60.00 52.00 206.00
2021-04-09 01:22:20 22.00 37.00 38.00 22.00 32.00 49.00 56.00 58.00 57.00 42.00 230.00
2021-04-09 01:22:20 30.00 34.00 22.00 30.00 24.00 54.00 48.00 54.00 43.00 48.00 242.00
2021-04-09 01:22:20 37.00 25.00 34.00 31.00 23.00 52.00 47.00 54.00 60.00 55.00 230.00
2021-04-09 01:22:20 30.00 39.00 33.00 30.00 21.00 59.00 44.00 58.00 40.00 43.00 180.00
2021-04-09 01:22:20 36.00 36.00 37.00 37.00 22.00 42.00 54.00 40.00 43.00 42.00 130.00
2021-04-09 01:22:20 22.00 20.00 29.00 25.00 29.00 45.00 50.00 52.00 53.00 57.00 230.00
2021-04-09 01:22:20 35.00 38.00 27.00 26.00 37.00 58.00 42.00 43.00 44.00 52.00 136.00
2021-04-09 01:22:20 24.00 28.00 23.00 26.00 21.00 59.00 59.00 48.00 46.00 57.00 200.00
2021-04-09 01:22:20 28.00 34.00 37.00 24.00 29.00 42.00 55.00 55.00 52.00 53.00 175.00
2021-04-09 01:22:20 22.00 28.00 39.00 37.00 40.00 47.00 58.00 46.00 40.00 55.00 152.00
2021-04-09 01:22:20 24.00 40.00 40.00 32.00 30.00 41.00 40.00 43.00 44.00 44.00 161.00
2021-04-09 01:22:20 38.00 33.00 26.00 32.00 21.00 47.00 57.00 45.00 50.00 56.00 237.00
2021-04-09 01:22:20 22.00 22.00 36.00 35.00 33.00 40.00 53.00 58.00 52.00 40.00 103.00
2021-04-09 01:22:20 32.00 37.00 33.00 20.00 32.00 42.00 57.00 48.00 56.00 41.00 202.00
2021-04-09 01:22:20 38.00 31.00 32.00 32.00 30.00 48.00 51.00 53.00 55.00 41.00 236.00
2021-04-09 01:22:20 20.00 21.00 32.00 37.00 28.00 46.00 54.00 45.00 58.00 50.00 132.00
2021-04-09 01:22:20 40.00 22.00 34.00 35.00 39.00 44.00 41.00 49.00 55.00 49.00 230.00
2021-04-09 01:22:20 39.00 36.00 22.00 21.00 20.00 45.00 60.00 43.00 52.00 41.00 104.00
2021-04-09 01:22:20 20.00 36.00 21.00 37.00 30.00 45.00 46.00 49.00 57.00 44.00 206.00
2021-04-09 01:22:20 22.00 35.00 29.00 27.00 34.00 49.00 42.00 49.00 60.00 54.00 141.00
2021-04-09 01:22:20 29.00 28.00 29.00 33.00 24.00 56.00 53.00 48.00 44.00 54.00 124.00
2021-04-09 01:22:20 39.00 27.00 35.00 20.00 27.00 52.00 45.00 60.00 56.00 45.00 165.00
2021-04-09 01:22:20 37.00 23.00 31.00 32.00 33.00 43.00 54.00 53.00 53.00 43.00 250.00
2021-04-09 01:22:20 31.00 34.00 28.00 30.00 38.00 41.00 52.00 49.00 56.00 40.00 249.00
2021-04-09 01:22:20 28.00 25.00 35.00 20.00 24.00 53.00 41.00 43.00 40.00 51.00 196.00
2021-04-09 01:22:20 20.00 28.00 30.00 30.00 34.00 58.00 57.00 58.00 52.00 52.00 207.00
2021-04-09 01:22:20 24.00 23.00 26.00 35.00 29.00 40.00 41.00 56.00 60.00 54.00 180.00
2021-04-09 01:22:21 27.00 27.00 25.00 33.00 39.00 57.00 54.00 54.00 52.00 52.00 232.00
2021-04-09 01:22:21 32.00 36.00 20.00 20.00 22.00 52.00 51.00 43.00 44.00 50.00 182.00
2021-04-09 01:22:21 23.00 38.00 23.00 27.00 20.00 41.00 44.00 50.00 40.00 58.00 122.00
2021-04-09 01:22:21 28.00 33.00 30.00 40.00 32.00 56.00 54.00 59.00 42.00 51.00 231.00
2021-04-09 01:22:21 24.00 22.00 26.00 38.00 36.00 47.00 44.00 42.00 59.00 53.00 189.00
2021-04-09 01:22:21 32.00 24.00 23.00 32.00 33.00 49.00 46.00 57.00 51.00 59.00 222.00
2021-04-09 01:22:21 30.00 33.00 29.00 35.00 37.00 47.00 44.00 47.00 54.00 58.00 160.00
2021-04-09 01:22:21 27.00 31.00 37.00 38.00 28.00 59.00 49.00 43.00 60.00 48.00 245.00
2021-04-09 01:22:21 22.00 39.00 35.00 30.00 23.00 45.00 51.00 48.00 52.00 55.00 190.00
2021-04-09 01:22:21 30.00 23.00 40.00 35.00 40.00 49.00 55.00 47.00 47.00 56.00 157.00
2021-04-09 01:22:21 26.00 24.00 39.00 39.00 33.00 49.00 49.00 51.00 43.00 58.00 160.00
2021-04-09 01:22:21 25.00 40.00 25.00 30.00 26.00 54.00 43.00 57.00 50.00 51.00 152.00
2021-04-09 01:22:21 28.00 27.00 28.00 27.00 23.00 51.00 53.00 45.00 41.00 42.00 179.00
2021-04-09 01:22:21 27.00 24.00 27.00 30.00 31.00 54.00 45.00 44.00 43.00 55.00 170.00
2021-04-09 01:22:21 23.00 21.00 24.00 40.00 25.00 41.00 60.00 50.00 45.00 50.00 223.00
