2021-04-11 15:44:39 75.20 75.20 104.00 104.00 78.80 53.00 60.00 52.00 54.00 46.00 123.20
2021-04-11 15:44:39 86.00 80.60 89.60 78.80 73.40 43.00 46.00 59.00 42.00 40.00 202.40
2021-04-11 15:44:39 86.00 104.00 91.40 77.00 69.80 60.00 51.00 56.00 60.00 52.00 112.20
2021-04-11 15:44:39 69.80 84.20 73.40 78.80 77.00 60.00 54.00 41.00 51.00 45.00 121.00
2021-04-11 15:44:39 98.60 91.40 75.20 69.80 91.40 50.00 49.00 57.00 44.00 59.00 187.00
2021-04-11 15:44:39 73.40 87.80 98.60 95.00 91.40 45.00 41.00 41.00 42.00 46.00 204.60
2021-04-11 15:44:39 87.80 104.00 77.00 104.00 86.00 46.00 44.00 51.00 57.00 50.00 134.20
2021-04-11 15:44:39 69.80 95.00 98.60 100.40 75.20 55.00 41.00 46.00 45.00 59.00 180.40
2021-04-11 15:44:39 82.40 84.20 78.80 95.00 75.20 53.00 45.00 42.00 57.00 52.00 206.80
2021-04-11 15:44:39 102.20 84.20 77.00 104.00 98.60 45.00 57.00 40.00 42.00 42.00 253.00
2021-04-11 15:44:39 91.40 73.40 96.80 68.00 96.80 57.00 48.00 59.00 43.00 50.00 165.00
2021-04-11 15:44:39 84.20 75.20 82.40 96.80 69.80 58.00 51.00 42.00 41.00 44.00 105.60
2021-04-11 15:44:39 95.00 91.40 75.20 93.20 78.80 43.00 58.00 42.00 41.00 42.00 209.00
2021-04-11 15:44:39 69.80 102.20 82.40 80.60 68.00 55.00 48.00 47.00 60.00 42.00 143.00
2021-04-11 15:44:39 87.80 91.40 78.80 71.60 104.00 47.00 43.00 40.00 40.00 50.00 99.00
2021-04-11 15:44:39 96.80 84.20 100.40 96.80 98.60 51.00 48.00 55.00 49.00 54.00 253.00
2021-04-11 15:44:39 80.60 102.20 77.00 73.40 104.00 58.00 42.00 45.00 44.00 57.00 209.00
2021-04-11 15:44:39 78.80 100.40 68.00 100.40 68.00 47.00 47.00 50.00 50.00 60.00 200.20
2021-04-11 15:44:39 91.40 87.80 96.80 98.60 89.60 58.00 40.00 57.00 45.00 43.00 217.80
2021-04-11 15:44:39 91.40 78.80 95.00 82.40 96.80 53.00 60.00 51.00 48.00 40.00 167.20
2021-04-11 15:44:39 68.00 68.00 86.00 73.40 100.40 54.00 52.00 48.00 49.00 57.00 158.40
2021-04-11 15:44:39 104.00 102.20 75.20 68.00 102.20 47.00 44.00 44.00 41.00 40.00 143.00
2021-04-11 15:44:39 89.60 96.80 96.80 73.40 95.00 54.00 45.00 41.00 52.00 59.00 99.00
2021-04-11 15:44:39 84.20 87.80 78.80 100.40 91.40 53.00 43.00 51.00 59.00 58.00 187.00
2021-04-11 15:44:39 73.40 96.80 93.20 71.60 71.60 41.00 47.00 47.00 50.00 55.00 198.00
2021-04-11 15:44:39 89.60 89.60 91.40 93.20 77.00 42.00 53.00 52.00 59.00 58.00 200.20
2021-04-11 15:44:39 71.60 98.60 78.80 80.60 89.60 41.00 45.00 51.00 57.00 54.00 237.60
2021-04-11 15:44:39 96.80 68.00 91.40 104.00 68.00 54.00 59.00 41.00 56.00 50.00 121.00
2021-04-11 15:44:39 89.60 73.40 102.20 104.00 71.60 52.00 43.00 58.00 40.00 54.00 220.00
2021-04-11 15:44:39 89.60 98.60 95.00 93.20 80.60 54.00 43.00 59.00 59.00 48.00 112.20
2021-04-11 15:44:39 100.40 75.20 93.20 98.60 69.80 40.00 47.00 47.00 46.00 59.00 191.40
2021-04-11 15:44:40 104.00 102.20 93.20 104.00 73.40 40.00 57.00 43.00 58.00 51.00 215.60
2021-04-11 15:44:40 95.00 75.20 89.60 75.20 89.60 44.00 43.00 46.00 40.00 41.00 176.00
2021-04-11 15:44:40 91.40 69.80 71.60 98.60 78.80 55.00 56.00 55.00 52.00 40.00 224.40
2021-04-11 15:44:40 104.00 82.40 80.60 68.00 86.00 45.00 53.00 48.00 44.00 44.00 231.00
2021-04-11 15:44:40 96.80 68.00 89.60 80.60 77.00 40.00 40.00 58.00 41.00 58.00 253.00
2021-04-11 15:44:40 87.80 91.40 98.60 71.60 102.20 46.00 40.00 54.00 58.00 60.00 136.40