2021-04-15 22:11:28 71.60 71.60 71.60 71.60 71.42 63.40 52.50 60.50 54.90 62.30 0.00
2021-04-15 22:12:28 71.60 71.42 71.60 71.60 71.42 63.50 52.50 60.50 54.90 62.30 0.00
2021-04-15 22:12:53 71.60 71.42 71.42 71.60 71.42 63.60 52.50 60.60 54.90 62.30 0.00
2021-04-15 22:12:54 71.60 71.42 71.42 71.60 71.42 63.60 52.50 60.60 54.90 62.30 -0.01
2021-04-15 22:12:54 71.60 71.42 71.42 71.60 71.42 63.60 52.50 60.60 54.90 62.30 -0.00
2021-04-15 22:12:54 71.60 71.42 71.42 71.60 71.42 63.60 52.50 60.60 54.90 62.30 0.01
2021-04-15 22:12:56 71.60 71.42 71.42 71.60 71.42 63.60 52.50 60.60 54.90 62.30 0.00
2021-04-15 22:12:56 71.42 71.60 71.42 71.60 71.42 63.60 52.60 60.70 54.80 62.40 -0.01
2021-04-15 22:12:57 71.42 71.60 71.42 71.60 71.42 63.60 52.60 60.70 54.80 62.40 0.01
2021-04-15 22:12:57 71.42 71.60 71.42 71.60 71.42 63.60 52.60 60.70 54.80 62.40 -0.01
2021-04-15 22:12:57 71.42 71.60 71.42 71.60 71.42 63.60 52.60 60.70 54.80 62.40 0.00
2021-04-15 22:12:57 71.42 71.60 71.42 71.60 71.42 63.60 52.60 60.70 54.80 62.40 0.00
2021-04-15 22:12:57 71.42 71.60 71.42 71.60 71.42 63.60 52.60 60.70 54.80 62.40 0.01
2021-04-15 22:12:58 71.42 71.60 71.42 71.60 71.42 63.60 52.60 60.70 54.80 62.40 0.01
2021-04-15 22:12:58 71.42 71.60 71.42 71.60 71.42 63.60 52.60 60.70 54.80 62.40 0.01
2021-04-15 22:12:58 71.42 71.60 71.42 71.60 71.42 63.60 52.60 60.70 54.80 62.40 0.01
2021-04-15 22:12:58 71.60 71.42 71.42 71.60 71.42 63.60 52.60 60.70 54.90 62.40 0.02
2021-04-15 22:12:59 71.60 71.42 71.42 71.60 71.42 63.60 52.60 60.70 54.90 62.40 0.00
2021-04-15 22:12:59 71.60 71.42 71.42 71.60 71.42 63.60 52.60 60.70 54.90 62.40 0.00
2021-04-15 22:12:59 71.60 71.42 71.42 71.60 71.42 63.60 52.60 60.70 54.90 62.40 0.01
2021-04-15 22:12:59 71.60 71.42 71.42 71.60 71.42 63.60 52.60 60.70 54.90 62.40 0.00
2021-04-15 22:12:59 71.60 71.42 71.42 71.60 71.42 63.60 52.60 60.70 54.90 62.40 -0.00
2021-04-15 22:13:00 71.60 71.42 71.42 71.60 71.42 63.60 52.60 60.70 54.90 62.40 0.01
2021-04-15 22:13:00 71.60 71.42 71.42 71.60 71.42 63.60 52.60 60.70 54.90 62.40 0.01
2021-04-15 22:13:00 71.60 71.42 71.42 71.60 71.42 63.60 52.60 60.70 54.90 62.40 -0.01
2021-04-15 22:13:41 71.42 71.42 71.42 71.60 71.60 63.60 52.60 60.70 54.90 62.40 -0.00
